[[ 0.          0.57735027]
 [ 0.          0.57735027]
 [ 0.          0.57735027]
 [ 0.5        -0.        ]
 [ 0.5        -0.        ]
 [ 0.5        -0.        ]
 [ 0.5         0.        ]]


[[ 0.          0.57735027]
 [ 0.          0.57735027]
 [ 0.          0.57735027]
 [ 0.5        -0.        ]
 [ 0.5        -0.        ]
 [ 0.5        -0.        ]
 [ 0.5         0.        ]]


[[ 0.          0.57735027]
 [ 0.          0.57735027]
 [ 0.          0.57735027]
 [ 0.5        -0.        ]
 [ 0.5        -0.        ]
 [ 0.5        -0.        ]
 [ 0.5         0.        ]]


[[ 0.          0.57735027]
 [ 0.          0.57735027]
 [ 0.          0.57735027]
 [ 0.5        -0.        ]
 [ 0.5        -0.        ]
 [ 0.5        -0.        ]
 [ 0.5         0.        ]]


[[ 0.          0.57735027]
 [ 0.          0.57735027]
 [ 0.          0.57735027]
 [ 0.5        -0.        ]
 [ 0.5        -0.        ]
 [ 0.5        -0.        ]
 [ 0.5         0.        ]]


[[ 0.          0.57735027]
 [ 0.          0.57735027]
 [ 0.          0.57735027]
 [ 0.5        -0.        ]
 [ 0.5        -0.        ]
 [ 0.5        -0.        ]
 [ 0.5         0.        ]]


[[ 0.          0.57735027]
 [ 0.          0.57735027]
 [ 0.          0.57735027]
 [ 0.5        -0.        ]
 [ 0.5        -0.        ]
 [ 0.5        -0.        ]
 [ 0.5         0.        ]]


[[ 0.          0.57735027]
 [ 0.          0.57735027]
 [ 0.          0.57735027]
 [ 0.5        -0.        ]
 [ 0.5        -0.        ]
 [ 0.5        -0.        ]
 [ 0.5         0.        ]]

[[ 0.          0.57735027]
 [ 0.          0.57735027]
 [ 0.          0.57735027]
 [ 0.5        -0.        ]
 [ 0.5        -0.        ]
 [ 0.5        -0.        ]
 [ 0.5         0.        ]]


[[ 0.          0.57735027]
 [ 0.          0.57735027]
 [ 0.          0.57735027]
 [ 0.5        -0.        ]
 [ 0.5        -0.        ]
 [ 0.5        -0.        ]
 [ 0.5         0.        ]]


[[-0.47303587  0.3310142 ]
 [-0.47303587  0.3310142 ]
 [-0.47303587  0.3310142 ]
 [-0.28666671 -0.40966108]
 [-0.28666671 -0.40966108]
 [-0.28666671 -0.40966108]
 [-0.28666671 -0.40966108]]


[[-0.37827487  0.43616678]
 [-0.37827487  0.43616678]
 [-0.37827487  0.43616678]
 [-0.37773151 -0.32759565]
 [-0.37773151 -0.32759565]
 [-0.37773151 -0.32759565]
 [-0.37773151 -0.32759565]]


[[ 0.37799483 -0.43640949]
 [ 0.37799483 -0.43640949]
 [ 0.37799483 -0.43640949]
 [ 0.3779417   0.32735313]
 [ 0.3779417   0.32735313]
 [ 0.3779417   0.32735313]
 [ 0.3779417   0.32735313]]


[[ 0.37796432 -0.43643592]
 [ 0.37796432 -0.43643592]
 [ 0.37796432 -0.43643592]
 [ 0.37796459  0.3273267 ]
 [ 0.37796459  0.3273267 ]
 [ 0.37796459  0.3273267 ]
 [ 0.37796459  0.3273267 ]]


[[-0.37796447  0.43643579]
 [-0.37796447  0.43643577]
 [-0.37796447  0.43643579]
 [-0.37796447 -0.32732681]
 [-0.37796447 -0.32732684]
 [-0.37796447 -0.32732684]
 [-0.37796447 -0.32732685]]


[[-0.37796447  0.43643601]
 [-0.37796447  0.43643532]
 [-0.37796447  0.43643601]
 [-0.37796447 -0.32732619]
 [-0.37796447 -0.32732696]
 [-0.37796447 -0.32732696]
 [-0.37796447 -0.32732722]]


[[ 0.37796447  0.43644157]
 [ 0.37796447  0.4364242 ]
 [ 0.37796447  0.43644157]
 [ 0.37796447 -0.32731055]
 [ 0.37796447 -0.32733009]
 [ 0.37796447 -0.32733009]
 [ 0.37796447 -0.32733661]]


[[ 0.37796447  0.4365559 ]
 [ 0.37796447  0.43619538]
 [ 0.37796447  0.4365559 ]
 [ 0.37796447 -0.32698877]
 [ 0.37796447 -0.32739439]
 [ 0.37796447 -0.32739439]
 [ 0.37796447 -0.32752963]]


[[ 0.37796447  0.43856212]
 [ 0.37796447  0.43213063]
 [ 0.37796447  0.43856212]
 [ 0.37796447 -0.3212738 ]
 [ 0.37796447 -0.32851814]
 [ 0.37796447 -0.32851814]
 [ 0.37796447 -0.33094479]]

 
[[ 0.37796447  0.47130031]
 [ 0.37796447  0.34527488]
 [ 0.37796447  0.47130031]
 [ 0.37796447 -0.19952179]
 [ 0.37796447 -0.34503437]
 [ 0.37796447 -0.34503437]
 [ 0.37796447 -0.39828496]]
