[[ 2. -1. -1.  0.  0.  0.  0.]
 [-1.  2. -1.  0.  0.  0.  0.]
 [-1. -1.  2.  0.  0.  0.  0.]
 [ 0.  0.  0.  2. -1. -1.  0.]
 [ 0.  0.  0. -1.  2.  0. -1.]
 [ 0.  0.  0. -1.  0.  2. -1.]
 [ 0.  0.  0.  0. -1. -1.  2.]]


[[ 2. -1. -1.  0.  0.  0.  0.]
 [-1.  2. -1.  0.  0.  0.  0.]
 [-1. -1.  2.  0.  0.  0.  0.]
 [ 0.  0.  0.  2. -1. -1.  0.]
 [ 0.  0.  0. -1.  2.  0. -1.]
 [ 0.  0.  0. -1.  0.  2. -1.]
 [ 0.  0.  0.  0. -1. -1.  2.]]


[[ 2. -1. -1.  0.  0.  0.  0.]
 [-1.  2. -1.  0.  0.  0.  0.]
 [-1. -1.  2.  0.  0.  0.  0.]
 [ 0.  0.  0.  2. -1. -1.  0.]
 [ 0.  0.  0. -1.  2.  0. -1.]
 [ 0.  0.  0. -1.  0.  2. -1.]
 [ 0.  0.  0.  0. -1. -1.  2.]]


[[ 2. -1. -1.  0.  0.  0.  0.]
 [-1.  2. -1.  0.  0.  0.  0.]
 [-1. -1.  2.  0.  0.  0.  0.]
 [ 0.  0.  0.  2. -1. -1.  0.]
 [ 0.  0.  0. -1.  2.  0. -1.]
 [ 0.  0.  0. -1.  0.  2. -1.]
 [ 0.  0.  0.  0. -1. -1.  2.]]


[[ 2. -1. -1.  0.  0.  0.  0.]
 [-1.  2. -1.  0.  0.  0.  0.]
 [-1. -1.  2.  0.  0.  0.  0.]
 [ 0.  0.  0.  2. -1. -1.  0.]
 [ 0.  0.  0. -1.  2.  0. -1.]
 [ 0.  0.  0. -1.  0.  2. -1.]
 [ 0.  0.  0.  0. -1. -1.  2.]]


[[ 2. -1. -1.  0.  0.  0.  0.]
 [-1.  2. -1.  0.  0.  0.  0.]
 [-1. -1.  2.  0.  0.  0.  0.]
 [ 0.  0.  0.  2. -1. -1.  0.]
 [ 0.  0.  0. -1.  2.  0. -1.]
 [ 0.  0.  0. -1.  0.  2. -1.]
 [ 0.  0.  0.  0. -1. -1.  2.]]


[[ 2. -1. -1.  0.  0.  0.  0.]
 [-1.  2. -1.  0.  0.  0.  0.]
 [-1. -1.  2.  0.  0.  0.  0.]
 [ 0.  0.  0.  2. -1. -1.  0.]
 [ 0.  0.  0. -1.  2.  0. -1.]
 [ 0.  0.  0. -1.  0.  2. -1.]
 [ 0.  0.  0.  0. -1. -1.  2.]]


[[ 2. -1. -1.  0.  0.  0.  0.]
 [-1.  2. -1.  0.  0.  0.  0.]
 [-1. -1.  2.  0.  0.  0.  0.]
 [ 0.  0.  0.  2. -1. -1.  0.]
 [ 0.  0.  0. -1.  2.  0. -1.]
 [ 0.  0.  0. -1.  0.  2. -1.]
 [ 0.  0.  0.  0. -1. -1.  2.]]


[[ 2. -1. -1.  0.  0.  0.  0.]
 [-1.  2. -1.  0.  0.  0.  0.]
 [-1. -1.  2.  0.  0.  0.  0.]
 [ 0.  0.  0.  2. -1. -1.  0.]
 [ 0.  0.  0. -1.  2.  0. -1.]
 [ 0.  0.  0. -1.  0.  2. -1.]
 [ 0.  0.  0.  0. -1. -1.  2.]]


[[ 2. -1. -1.  0.  0.  0.  0.]
 [-1.  2. -1.  0.  0.  0.  0.]
 [-1. -1.  2.  0.  0.  0.  0.]
 [ 0.  0.  0.  2. -1. -1.  0.]
 [ 0.  0.  0. -1.  2.  0. -1.]
 [ 0.  0.  0. -1.  0.  2. -1.]
 [ 0.  0.  0.  0. -1. -1.  2.]]


[[ 2.00000000e+00 -1.00000000e+00 -1.00000000e+00  0.00000000e+00
   0.00000000e+00  0.00000000e+00  0.00000000e+00]
 [-1.00000000e+00  2.00000000e+00 -1.00000000e+00 -4.21884749e-15
   0.00000000e+00  0.00000000e+00  0.00000000e+00]
 [-1.00000000e+00 -1.00000000e+00  2.00000000e+00  0.00000000e+00
   0.00000000e+00  0.00000000e+00  0.00000000e+00]
 [ 0.00000000e+00 -4.21884749e-15  0.00000000e+00  2.00000000e+00
  -1.00000000e+00 -1.00000000e+00  0.00000000e+00]
 [ 0.00000000e+00  0.00000000e+00  0.00000000e+00 -1.00000000e+00
   2.00000000e+00  0.00000000e+00 -1.00000000e+00]
 [ 0.00000000e+00  0.00000000e+00  0.00000000e+00 -1.00000000e+00
   0.00000000e+00  2.00000000e+00 -1.00000000e+00]
 [ 0.00000000e+00  0.00000000e+00  0.00000000e+00  0.00000000e+00
  -1.00000000e+00 -1.00000000e+00  2.00000000e+00]]


[[ 2.00000000e+00 -1.00000000e+00 -1.00000000e+00  0.00000000e+00
   0.00000000e+00  0.00000000e+00  0.00000000e+00]
 [-1.00000000e+00  2.00000000e+00 -1.00000000e+00 -4.98490138e-13
   0.00000000e+00  0.00000000e+00  0.00000000e+00]
 [-1.00000000e+00 -1.00000000e+00  2.00000000e+00  0.00000000e+00
   0.00000000e+00  0.00000000e+00  0.00000000e+00]
 [ 0.00000000e+00 -4.98490138e-13  0.00000000e+00  2.00000000e+00
  -1.00000000e+00 -1.00000000e+00  0.00000000e+00]
 [ 0.00000000e+00  0.00000000e+00  0.00000000e+00 -1.00000000e+00
   2.00000000e+00  0.00000000e+00 -1.00000000e+00]
 [ 0.00000000e+00  0.00000000e+00  0.00000000e+00 -1.00000000e+00
   0.00000000e+00  2.00000000e+00 -1.00000000e+00]
 [ 0.00000000e+00  0.00000000e+00  0.00000000e+00  0.00000000e+00
  -1.00000000e+00 -1.00000000e+00  2.00000000e+00]]


[[ 2.00000000e+00 -1.00000000e+00 -1.00000000e+00  0.00000000e+00
   0.00000000e+00  0.00000000e+00  0.00000000e+00]
 [-1.00000000e+00  2.00000000e+00 -1.00000000e+00 -3.86444765e-11
   0.00000000e+00  0.00000000e+00  0.00000000e+00]
 [-1.00000000e+00 -1.00000000e+00  2.00000000e+00  0.00000000e+00
   0.00000000e+00  0.00000000e+00  0.00000000e+00]
 [ 0.00000000e+00 -3.86444765e-11  0.00000000e+00  2.00000000e+00
  -1.00000000e+00 -1.00000000e+00  0.00000000e+00]
 [ 0.00000000e+00  0.00000000e+00  0.00000000e+00 -1.00000000e+00
   2.00000000e+00  0.00000000e+00 -1.00000000e+00]
 [ 0.00000000e+00  0.00000000e+00  0.00000000e+00 -1.00000000e+00
   0.00000000e+00  2.00000000e+00 -1.00000000e+00]
 [ 0.00000000e+00  0.00000000e+00  0.00000000e+00  0.00000000e+00
  -1.00000000e+00 -1.00000000e+00  2.00000000e+00]]


[[ 2.00000000e+00 -1.00000000e+00 -1.00000000e+00  0.00000000e+00
   0.00000000e+00  0.00000000e+00  0.00000000e+00]
 [-1.00000000e+00  2.00000000e+00 -1.00000000e+00 -2.11442885e-09
   0.00000000e+00  0.00000000e+00  0.00000000e+00]
 [-1.00000000e+00 -1.00000000e+00  2.00000000e+00  0.00000000e+00
   0.00000000e+00  0.00000000e+00  0.00000000e+00]
 [ 0.00000000e+00 -2.11442885e-09  0.00000000e+00  2.00000000e+00
  -1.00000000e+00 -1.00000000e+00  0.00000000e+00]
 [ 0.00000000e+00  0.00000000e+00  0.00000000e+00 -1.00000000e+00
   2.00000000e+00  0.00000000e+00 -1.00000000e+00]
 [ 0.00000000e+00  0.00000000e+00  0.00000000e+00 -1.00000000e+00
   0.00000000e+00  2.00000000e+00 -1.00000000e+00]
 [ 0.00000000e+00  0.00000000e+00  0.00000000e+00  0.00000000e+00
  -1.00000000e+00 -1.00000000e+00  2.00000000e+00]]


[[ 2.00000000e+00 -1.00000000e+00 -1.00000000e+00  0.00000000e+00
   0.00000000e+00  0.00000000e+00  0.00000000e+00]
 [-1.00000000e+00  2.00000009e+00 -1.00000000e+00 -8.59859126e-08
   0.00000000e+00  0.00000000e+00  0.00000000e+00]
 [-1.00000000e+00 -1.00000000e+00  2.00000000e+00  0.00000000e+00
   0.00000000e+00  0.00000000e+00  0.00000000e+00]
 [ 0.00000000e+00 -8.59859126e-08  0.00000000e+00  2.00000009e+00
  -1.00000000e+00 -1.00000000e+00  0.00000000e+00]
 [ 0.00000000e+00  0.00000000e+00  0.00000000e+00 -1.00000000e+00
   2.00000000e+00  0.00000000e+00 -1.00000000e+00]
 [ 0.00000000e+00  0.00000000e+00  0.00000000e+00 -1.00000000e+00
   0.00000000e+00  2.00000000e+00 -1.00000000e+00]
 [ 0.00000000e+00  0.00000000e+00  0.00000000e+00  0.00000000e+00
  -1.00000000e+00 -1.00000000e+00  2.00000000e+00]]


[[ 2.00000000e+00 -1.00000000e+00 -1.00000000e+00  0.00000000e+00
   0.00000000e+00  0.00000000e+00  0.00000000e+00]
 [-1.00000000e+00  2.00000271e+00 -1.00000000e+00 -2.70763439e-06
   0.00000000e+00  0.00000000e+00  0.00000000e+00]
 [-1.00000000e+00 -1.00000000e+00  2.00000000e+00  0.00000000e+00
   0.00000000e+00  0.00000000e+00  0.00000000e+00]
 [ 0.00000000e+00 -2.70763439e-06  0.00000000e+00  2.00000271e+00
  -1.00000000e+00 -1.00000000e+00  0.00000000e+00]
 [ 0.00000000e+00  0.00000000e+00  0.00000000e+00 -1.00000000e+00
   2.00000000e+00  0.00000000e+00 -1.00000000e+00]
 [ 0.00000000e+00  0.00000000e+00  0.00000000e+00 -1.00000000e+00
   0.00000000e+00  2.00000000e+00 -1.00000000e+00]
 [ 0.00000000e+00  0.00000000e+00  0.00000000e+00  0.00000000e+00
  -1.00000000e+00 -1.00000000e+00  2.00000000e+00]]


[[ 2.00000000e+00 -1.00000000e+00 -1.00000000e+00  0.00000000e+00
   0.00000000e+00  0.00000000e+00  0.00000000e+00]
 [-1.00000000e+00  2.00006824e+00 -1.00000000e+00 -6.82440641e-05
   0.00000000e+00  0.00000000e+00  0.00000000e+00]
 [-1.00000000e+00 -1.00000000e+00  2.00000000e+00  0.00000000e+00
   0.00000000e+00  0.00000000e+00  0.00000000e+00]
 [ 0.00000000e+00 -6.82440641e-05  0.00000000e+00  2.00006824e+00
  -1.00000000e+00 -1.00000000e+00  0.00000000e+00]
 [ 0.00000000e+00  0.00000000e+00  0.00000000e+00 -1.00000000e+00
   2.00000000e+00  0.00000000e+00 -1.00000000e+00]
 [ 0.00000000e+00  0.00000000e+00  0.00000000e+00 -1.00000000e+00
   0.00000000e+00  2.00000000e+00 -1.00000000e+00]
 [ 0.00000000e+00  0.00000000e+00  0.00000000e+00  0.00000000e+00
  -1.00000000e+00 -1.00000000e+00  2.00000000e+00]]


[[ 2.00000000e+00 -1.00000000e+00 -1.00000000e+00  0.00000000e+00
   0.00000000e+00  0.00000000e+00  0.00000000e+00]
 [-1.00000000e+00  2.00141679e+00 -1.00000000e+00 -1.41679328e-03
   0.00000000e+00  0.00000000e+00  0.00000000e+00]
 [-1.00000000e+00 -1.00000000e+00  2.00000000e+00  0.00000000e+00
   0.00000000e+00  0.00000000e+00  0.00000000e+00]
 [ 0.00000000e+00 -1.41679328e-03  0.00000000e+00  2.00141679e+00
  -1.00000000e+00 -1.00000000e+00  0.00000000e+00]
 [ 0.00000000e+00  0.00000000e+00  0.00000000e+00 -1.00000000e+00
   2.00000000e+00  0.00000000e+00 -1.00000000e+00]
 [ 0.00000000e+00  0.00000000e+00  0.00000000e+00 -1.00000000e+00
   0.00000000e+00  2.00000000e+00 -1.00000000e+00]
 [ 0.00000000e+00  0.00000000e+00  0.00000000e+00  0.00000000e+00
  -1.00000000e+00 -1.00000000e+00  2.00000000e+00]]


[[ 2.         -1.         -1.          0.          0.          0.
   0.        ]
 [-1.          2.02548452 -1.         -0.02548452  0.          0.
   0.        ]
 [-1.         -1.          2.          0.          0.          0.
   0.        ]
 [ 0.         -0.02548452  0.          2.02548452 -1.         -1.
   0.        ]
 [ 0.          0.          0.         -1.          2.          0.
  -1.        ]
 [ 0.          0.          0.         -1.          0.          2.
  -1.        ]
 [ 0.          0.          0.          0.         -1.         -1.
   2.        ]]


[[ 2.         -1.         -1.          0.          0.          0.
   0.        ]
 [-1.          2.63212056 -1.         -0.63212056  0.          0.
   0.        ]
 [-1.         -1.          2.          0.          0.          0.
   0.        ]
 [ 0.         -0.63212056  0.          2.63212056 -1.         -1.
   0.        ]
 [ 0.          0.          0.         -1.          2.          0.
  -1.        ]
 [ 0.          0.          0.         -1.          0.          2.
  -1.        ]
 [ 0.          0.          0.          0.         -1.         -1.
   2.        ]]


